178
1856
127
21211
1721
16690
18541
18107
2322
18769
18495
24333
21887
30
15870
17501
18170
4127
19237
19882
20433
2630
270
13416
15712
28
23023
20886
15278
21656
2086

56
16488
19829
19578
15661
221
12120
19721
1587
21199
2556
15148
15925
25223
2815
323
23117
18077
76
22603
18877
14748
21215
112
20336
1289
15306

17623
208
18213
19614
17261
22454
4327
15878
16613
18808
23640
1140
22939
15129
20212
174
128
17906
22404
18047
19751
17965
95
19645
2589
19031
127
22460
59
15616
20869

92
20067
21072
21
46
104
1799
107
5018
376
20533
199
2376
3720
